9
87
113
116
117
118
120
124
126
141
147
160
228
246
247
259
260
271
273
302
310
315
329
330
331
334
335
341
345
350
356
358
375
377
389
399
400
404
408
420
422
465
468
469
470
477
478
492
508
525
527
607
2176
2187
2322
2324
2326
2330
2336
2341
2442
2444
2446
2450
2451
2454
3456
3644
3648
3845
4158
4162
4941
6013
6021
6076
6089
6101
6106
6112
6165
6177
6204
6248
6481
6761
7082
7266
7307
7315
7350
7449
7456
7504
7527
7551
7552
7605
7693
7790
7870
7945
7953
7967
7975
7987
7999
8066
8068
8069
8219
8223
8224
10034
10156
10169
10294
10349
10350
10405
10649
10650
10682
10761
10784
10812
50131
50707
50864
50865
50931
50951
54238
54476
54537
54694
54749
54761
54768
54814
54854
55039
55077
55103
55112
55124
55127
55129
55151
55177
55179
55182
55200
55207
55210
55217
55282
55283
55295
55306
55322
55328
55333
55343
55345
55372
55393
55400
55453
55455
55477
55479
55481
55482
55494
55499
55504
55505
55508
55510
55512
55513
55514
55518
55522
55538
55540
55541
55542
55544
55622
55625
55626
55627
55645
55656
55662
55683
55687
55698
55700
55704
55733
55748
55749
55802
55807
55810
55818
55835
55841
55847
55853
55855
55858
55875
55933
55951
55963
55970
55977
55985
56026
56041
56046
56078
56102
56135
56143
56177
56224
56227
56232
56237
56239
56253
56298
56319
56445
56458
56467
56471
56472
56473
56474
56475
56476
56482
56532
56569
56596
56606
56609
56639
56803
56908
56914
56948
56998
57001
57027
57028
57073
57074
57075
57267
57480
57482
57483
57515
57555
57564
57703
57978
58122
58284
58503
58562
